oncol_ACAA1	3	38103129	38137242
cardio2_ACE2	X	15494566	15607236
oncol_ACTN4	19	38647649	38731589
inflam_ADA	20	44619522	44652233
neurol_ADAM.22	7	87934143	88202889
neurol_ADAM.23	2	206443532	206621127
cardio2_ADAM.TS13	9	133414358	133459402
cardio2_ADM	11	10305073	10307397
oncol_AFP	4	73431138	73456174
cardio2_AGRP	16	67482571	67483547
oncol_AIF1	6	31615217	31617021
oncol_AIMP1	4	106315544	106349456
oncol_AKR1B1	7	134442356	134459284
cardio3_ALCAM	3	105366909	105576900
neurol_Alpha.2.MRAP	4	3503612	3532446
oncol_ALPP	2	232378724	232382889
cardio2_AMBP	9	114060127	114078328
cardiom_ANG	14	20684177	20698971
cardio2_ANGPT1	8	107249482	107498055
cardiom_ANGPTL3	1	62597520	62606313
cardiom_AOC3	17	42851184	42858130
cardio3_AP.N	15	89784895	89815401
cardiom_APOM	6	31652416	31658210
oncol_ARHGAP25	2	68679601	68826833
inflam_ARTN	1	43933320	43937240
oncol_ATP6V1D	14	67294371	67360265
inflam_AXIN1	16	287440	352723
cardio3_AXL	19	41219223	41261766
cardio3_AZU1	19	825097	832018
neurol_BCAN	1	156641390	156659532
inflam_Beta.NGF	1	115285917	115338256
neurol_Beta.NGF	1	115285917	115338256
cardio3_BLM.hydrolase	17	30248203	30292056
neurol_BMP.4	14	53949736	53958761
cardio2_BMP.6	6	7726099	7881728
cardio2_BNP	1	11857464	11858945
cardio2_BOC	3	113211003	113287459
oncol_BRK1	3	10115675	10127190
oncol_C1QA	1	22636628	22639678
cardiom_C1QTNF1	17	79022814	79049788
cardiom_C2	6	31897785	31945672
cardiom_CA1	8	85327608	85379014
cardiom_CA3	8	85373436	85449040
cardiom_CA4	17	60149942	60170899
cardio2_CA5A	16	87881546	87936580
neurol_CADM3	1	159171609	159203313
oncol_CALCOCO1	12	53708517	53727745
cardio3_CASP.3	4	184627696	184649509
inflam_CASP.8	2	201233443	201287711
oncol_CASP2	7	143288215	143307696
oncol_CBLN4	20	55997357	56005519
inflam_CCL11	17	34285742	34288334
cardiom_CCL14	17	35983288	35987004
cardio3_CCL15	17	35996440	36001553
cardio3_CCL16	17	35976493	35981497
cardio2_CCL17	16	57404767	57416063
cardiom_CCL18	17	36064272	36072032
inflam_CCL19	9	34689570	34691276
inflam_CCL20	2	227805739	227817564
inflam_CCL23	17	36013056	36017972
cardio3_CCL24	7	75810825	75823356
inflam_CCL25	19	8052767	8062650
inflam_CCL28	5	43376645	43412391
cardio2_CCL3	17	36088256	36090169
inflam_CCL3	17	36088256	36090169
inflam_CCL4	17	36103827	36105621
cardiom_CCL5	17	35871491	35880793
oncol_CCT5	5	10249929	10266389
cardio3_CD163	12	7470811	7503893
neurol_CD200	3	112332347	112362812
neurol_CD200R1	3	112921205	112975103
oncol_CD22	19	35319261	35347361
inflam_CD244	1	160830160	160862887
oncol_CD300E	17	74609885	74623738
neurol_CD38	4	15778275	15853232
cardio2_CD4	12	6786858	6820799
inflam_CD40	20	46118278	46129863
cardio2_CD40.L	X	136648158	136660390
cardiom_CD46	1	207752054	207795513
inflam_CD5	11	61102489	61127852
cardiom_CD59	11	33703010	33736479
inflam_CD6	11	60971680	61020377
cardio2_CD84	1	160541095	160579516
inflam_CD8A	2	86784610	86808396
cardio3_CD93	20	23079360	23086324
oncol_CDC27	17	47117703	47189422
inflam_CDCP1	3	45082277	45146422
cardiom_CDH1	16	68737292	68835541
neurol_CDH3	16	68636189	68722616
cardio3_CDH5	16	66366622	66404784
neurol_CDH6	5	31193686	31329146
oncol_CDHR2	5	176542511	176595974
cardio2_CEACAM8	19	42580243	42595055
cardiom_CES1	16	55802851	55833337
cardiom_CFHR5	1	196977556	197009678
oncol_CGB3	19	49022869	49045311
cardio3_CHI3L1	1	203178931	203186704
cardio3_CHIT1	1	203212827	203273641
cardiom_CHL1	3	196763	409417
neurol_CLEC10A	17	7074537	7080307
neurol_CLEC1B	12	9985642	10013424
oncol_CLIP2	7	74289407	74405935
neurol_CLM.1	17	74694311	74712978
neurol_CLM.6	17	74541073	74546115
cardiom_CNDP1	18	74534500	74587212
oncol_CNPY2	12	56309842	56316119
cardio3_CNTN1	12	40692439	41072415
neurol_CNTN5	11	99020949	100358885
cardiom_COL18A1	21	45405165	45513720
cardio3_COL1A1	17	50184101	50201632
oncol_COL9A1	6	70216040	70303084
cardiom_COMP	19	18782773	18791305
cardio3_CPA1	7	130380339	130388114
neurol_CPA2	7	130266863	130289798
cardio3_CPB1	3	148791102	148860187
neurol_CPM	12	68842197	68971570
oncol_CPVL	7	28995235	29195451
cardiom_CR2	1	207454230	207489895
cardiom_CRTAC1	10	97865000	98030828
neurol_CRTAM	11	122838500	122872643
inflam_CSF.1	1	109910242	109930992
cardiom_CST3	20	23626706	23638473
inflam_CST5	20	23875934	23879748
cardio3_CSTB	21	43772511	43776330
cardio2_CTRC	1	15438442	15449242
neurol_CTSC	11	88265069	88359684
cardio3_CTSD	11	1752752	1764573
cardio2_CTSL1	9	87724051	87731469
neurol_CTSS	1	150730188	150765792
cardio3_CTSZ	20	58995185	59007254
inflam_CX3CL1	16	57372477	57385044
cardio2_CXCL1	4	73869393	73871308
inflam_CXCL1	4	73869393	73871308
inflam_CXCL10	4	76021118	76023497
inflam_CXCL11	4	76033682	76041415
oncol_CXCL14	5	135570679	135579279
cardio3_CXCL16	17	4733533	4739928
inflam_CXCL5	4	73995642	73998677
inflam_CXCL6	4	73836640	73849064
inflam_CXCL9	4	76001275	76007509
cardio2_DCN	12	91140484	91183217
oncol_DCTPP1	16	30423615	30430030
neurol_DDR1	6	30876421	30900156
cardio2_DECR1	8	90001405	90053633
cardiom_DEFA1	8	6977649	6999195
cardio2_Dkk.1	10	52314281	52318042
neurol_Dkk.4	8	42374063	42377229
cardio3_DLK.1	14	100725705	100738224
inflam_DNER	2	229357629	229714555
cardiom_DPP4	2	161992245	162074394
neurol_DRAXIN	1	11691710	11725857
oncol_DRG2	17	18087892	18107970
neurol_EDA2R	X	66595637	66639298
cardiom_EFEMP1	2	55865967	55924139
neurol_EFNA4	1	155063737	155069553
cardio3_EGFR	7	55019017	55211628
oncol_ELOA	1	23743155	23762059
inflam_EN.RAGE	1	153373711	153375621
cardiom_ENG	9	127815013	127854658
cardio3_Ep.CAM	2	47345158	47387601
cardio3_EPHB4	7	100802565	100827523
neurol_EPHB6	7	142855061	142871094
oncol_ERP44	9	99979185	100099000
neurol_EZR	6	158765741	158819368
cardiom_F11	4	186266189	186289681
cardiom_F7	13	113105788	113120685
cardio2_FABP2	4	119317250	119322138
cardio3_FABP4	8	81478419	81483236
cardiom_FAP	2	162170684	162245151
cardio3_FAS	10	88990531	89017059
cardiom_FCGR2A	1	161505430	161524013
cardiom_FCGR3B	1	161623196	161631963
cardiom_FCN2	9	134880810	134887523
neurol_FcRL2	1	157745733	157777132
cardiom_FETUB	3	186635969	186653141
inflam_FGF.19	11	69698238	69704022
cardio2_FGF.21	19	48755524	48758333
inflam_FGF.21	19	48755524	48758333
cardio2_FGF.23	12	4368227	4379712
inflam_FGF.23	12	4368227	4379712
inflam_FGF.5	4	80266599	80336680
neurol_FLRT2	14	85530144	85654428
oncol_FLT1	13	28300346	28495145
oncol_FLT3	13	28003274	28100592
inflam_Flt3L	19	49474207	49486231
oncol_FOXO3	6	108559835	108684774
cardio2_FS	5	53480626	53487134
oncol_FUS	16	31180138	31191605
neurol_G.CSF	17	40015361	40017813
cardio3_Gal.3	14	55124110	55145423
cardio3_Gal.4	19	38801671	38812945
neurol_gal.8	1	236518000	236552981
cardio2_Gal.9	17	27629798	27649560
oncol_GALNT7	4	173168811	173323967
oncol_GAMT	19	1397026	1401570
cardiom_GAS6	13	113820549	113864076
neurol_GCP5	13	91398621	92873682
cardio3_GDF.15	19	18374731	18389176
cardio2_GDF.2	10	47322454	47327588
neurol_GDF.8	2	190055700	190062729
inflam_GDNF	5	37812677	37840041
neurol_GDNF	5	37812677	37840041
neurol_GDNFR.alpha.3	5	138252380	138274621
oncol_GFER	16	1984193	1987749
neurol_GFR.alpha.1	10	116056925	116273284
oncol_GGA1	22	37608725	37633564
cardio2_GH	17	63917200	63918839
cardio2_GIF	11	59829273	59845499
cardio2_GLO1	6	38675925	38703145
neurol_GM.CSF.R.alpha	X	1268800	1310381
cardiom_GNLY	2	85685175	85698852
oncol_GOPC	6	117560269	117602542
cardiom_GP1BA	17	4932277	4935023
cardio3_GP6	19	55013705	55038264
oncol_GPA33	1	167052836	167166479
cardio3_GRN	17	44345246	44353106
cardio2_GT	5	160187367	160238735
neurol_GZMA	5	55102646	55110252
neurol_HAGH	16	1795620	1827157
cardio2_HAOX1	20	7882985	7940458
cardio2_HB.EGF	5	140332843	140346603
oncol_HBQ1	16	180459	181179
oncol_HEXA	15	72340924	72376420
inflam_HGF	7	81699010	81770438
oncol_HLA.E	6	30489509	30494194
oncol_HMBS	11	119084866	119093549
cardio2_HO.1	22	35380361	35394214
cardio2_hOSCAR	19	54094668	54102692
cardio2_HSP.27	7	76302673	76304295
oncol_HSPB6	19	35754566	35758079
cardio3_ICAM.2	17	64002594	64020634
oncol_ICAM.5	19	10289952	10296778
cardiom_ICAM1	19	10271093	10286615
cardiom_ICAM3	19	10333776	10339661
oncol_ICAM4	19	10286955	10288522
cardio2_IDUA	4	986997	1004564
inflam_IFN.gamma	12	68154768	68159740
oncol_IFNGR2	21	33403413	33479348
cardio3_IGFBP.1	7	45888360	45893660
cardio3_IGFBP.2	2	216632828	216664436
cardio3_IGFBP.7	4	57030773	57110385
cardiom_IGFBP3	7	45912245	45921874
cardiom_IGFBP6	12	53097436	53102345
cardio2_IgG.Fc.receptor.II.b	1	161663147	161678654
cardiom_IGLC2	22	22900976	22901437
inflam_IL.1.alpha	2	112773925	112784493
inflam_IL.10RA	11	117986370	118003037
inflam_IL.10RB	21	33266367	33310187
inflam_IL.12B	5	159314780	159330487
inflam_IL.15RA	10	5943639	5978187
inflam_IL.17A	6	52186375	52190638
inflam_IL.17C	16	88638572	88640468
cardio2_IL.17D	13	20702127	20723098
cardio3_IL.17RA	22	17084954	17115694
cardio3_IL.18BP	11	71998613	72005715
inflam_IL.18R1	2	102311529	102398777
cardio2_IL.1ra	2	113107214	113134016
cardio3_IL.1RT1	2	102064544	102179874
cardio3_IL.1RT2	2	101991960	102028544
inflam_IL.20	1	206865354	206869223
inflam_IL.20RA	6	136999971	137045180
inflam_IL.22.RA1	1	24119771	24143140
inflam_IL.24	1	206897443	206904139
cardio2_IL.27	16	28499362	28512051
inflam_IL.2RB	22	37125843	37175054
cardio2_IL.4RA	16	27313668	27364778
neurol_IL.5R.alpha	3	3066324	3126613
cardio3_IL.6RA	1	154405193	154469450
inflam_IL10	1	206767602	206774541
neurol_IL12	5	159314780	159330487
inflam_IL13	5	132656263	132661110
cardio2_IL16	15	81159575	81314058
oncol_IL17F	6	52236681	52244500
cardio2_IL18	11	112143253	112164096
inflam_IL18	11	112143253	112164096
oncol_IL1B	2	112829751	112836816
cardio2_IL1RL2	2	102187006	102240002
inflam_IL2	4	122451470	122456725
cardio3_IL2.RA	10	6010689	6062370
inflam_IL33	9	6215786	6257983
inflam_IL4	5	132673986	132682678
inflam_IL5	5	132541445	132556838
cardio2_IL6	7	22725884	22732002
inflam_IL6	7	22725884	22732002
inflam_IL7	8	78675743	78805523
cardiom_IL7R	5	35852695	35879603
inflam_IL8	4	73740541	73743716
oncol_INPP1	2	190343570	190371665
cardiom_ITGAM	16	31259967	31332892
cardio2_ITGB1BP2	X	71301750	71305371
cardio3_ITGB2	21	44885953	44931989
cardio3_JAM.A	1	160995211	161021343
neurol_JAM.B	21	25639258	25717562
oncol_JCHAIN	4	70655541	70681817
cardio2_KIM1	5	157029413	157059119
cardiom_KIT	4	54657918	54740715
oncol_KLK4	19	50906352	50910738
cardio3_KLK6	19	50958631	50969673
neurol_KYNU	2	142877657	143055833
oncol_L1CAM	X	153861514	153886173
oncol_LACTB2	8	70635318	70669185
neurol_LAIR.2	19	54497879	54510687
inflam_LAP.TGF.beta.1	19	41301587	41353922
oncol_LAP3	4	17577192	17607972
neurol_LAT	16	28984826	28990784
neurol_LAYN	11	111540280	111561745
cardiom_LCN2	9	128149071	128153453
cardio3_LDL.receptor	19	11089462	11133820
cardio2_LEP	7	128241278	128257629
inflam_LIF	22	30240453	30246759
inflam_LIF.R	5	38474668	38608354
cardiom_LILRB1	19	54547681	54569575
cardiom_LILRB2	19	54273812	54281184
cardiom_LILRB5	19	54249421	54257301
cardio2_LOX.1	12	10158301	10172138
cardio2_LPL	8	19901717	19967259
oncol_LSP1	11	1850904	1892267
cardiom_LTBP2	14	74498183	74612378
cardio3_LTBR	12	6375045	6391571
neurol_LXN	3	158645822	158672648
cardiom_LYVE1	11	10556966	10611689
neurol_MANF	3	51385291	51389397
oncol_MANSC1	12	12326056	12350242
neurol_MAPT	17	45894551	46028334
cardio2_MARCO	2	118942166	118994660
neurol_MATN3	2	19992052	20012668
cardio3_MB	22	35606764	35637951
cardiom_MBL2	10	52765380	52772784
cardio3_MCP.1	17	34255218	34257203
inflam_MCP.1	17	34255218	34257203
inflam_MCP.2	17	34319435	34321402
inflam_MCP.3	17	34270221	34272242
inflam_MCP.4	17	34356480	34358610
neurol_MDGA1	6	37630679	37699306
cardiom_MEGF9	9	120600811	120714470
cardio3_MEPE	4	87821411	87846817
cardio2_MERTK	2	111898607	112029561
cardiom_MET	7	116672196	116798377
cardiom_MFAP5	12	8637346	8662888
oncol_MLN	6	33794673	33804003
inflam_MMP.1	11	102789919	102798160
inflam_MMP.10	11	102770502	102780628
cardio3_MMP.2	16	55389700	55506691
cardio3_MMP.3	11	102835801	102843609
cardio3_MMP.9	20	46008908	46016561
cardio2_MMP12	11	102862736	102874982
cardio2_MMP7	11	102520508	102530750
cardio3_MPO	17	58269855	58280935
neurol_MSR1	8	16107878	16567490
oncol_MYO9B	19	17075781	17214537
neurol_N.CDase	10	50182778	50279720
neurol_N2DL.2	6	149942014	149949235
neurol_NAAA	4	75913660	75941013
oncol_NAMPT	7	106248298	106286326
neurol_NBL1	1	19596979	19658456
cardiom_NCAM1	11	112961247	113278436
neurol_NCAN	19	19211958	19252233
oncol_NCS1	9	130172404	130237303
oncol_NELL1	11	20669551	21575686
cardio2_NEMO	X	154541199	154565046
neurol_NEP	3	155024124	155183704
cardiom_NID1	1	235975830	236065109
neurol_NMNAT1	1	9943428	9985501
cardio3_Notch.3	19	15159038	15200995
cardiom_NOTCH1	9	136494433	136546048
oncol_NPY	7	24284188	24291862
neurol_Nr.CAM	7	108147623	108456717
cardiom_NRP1	10	33177492	33336262
neurol_NRP2	2	205681990	205798133
inflam_NRTN	19	5823802	5828324
inflam_NT.3	12	5432108	5521536
cardio3_NT.proBNP	1	11857464	11858945
oncol_NT5C3A	7	33014114	33062797
neurol_NTRK2	9	84668551	85027054
neurol_NTRK3	15	87859751	88256768
cardio3_OPG	8	118923557	118951885
inflam_OPG	8	118923557	118951885
cardio3_OPN	4	87975650	87983426
inflam_OSM	22	30262829	30266851
cardiom_OSMR	5	38845858	38945596
cardio3_PAI	7	101127104	101139247
cardiom_PAM	5	102753981	103031105
cardio2_PAPPA	9	116153791	116402321
cardio2_PAR.1	5	76716126	76735770
cardio2_PARP.1	1	226360210	226408154
oncol_PCDH1	5	141853090	141879246
cardiom_PCOLCE	7	100602363	100608175
cardio3_PCSK9	1	55039447	55064852
inflam_PD.L1	9	5450503	5470566
cardio2_PD.L2	9	5510531	5571282
neurol_PDGF.R.alpha	4	54229280	54298245
cardio3_PDGF.subunit.A	7	497258	520296
cardio2_PDGF.subunit.B	22	39223359	39244982
cardio3_PECAM.1	17	64319415	64413776
cardio2_PGF	14	74941834	74955626
cardio3_PGLYRP1	19	46019153	46023053
cardio3_PI3	20	45174902	45176544
cardio2_PIgR	1	206928522	206946466
cardiom_PLA2G7	6	46704201	46735693
cardio3_PLC	1	21822244	21937310
cardiom_PLTP	20	45898621	45912155
neurol_PLXNB1	3	48403854	48430086
cardiom_PLXNB2	22	50274979	50307646
neurol_PLXNB3	X	153764196	153779346
cardio3_PON3	7	95359872	95396375
cardiom_PRCP	11	82822936	82970584
cardio2_PRELP	1	203475806	203491352
cardiom_PROC	2	127418427	127429242
cardiom_PRSS2	7	142760398	142774564
cardio2_PRSS27	16	2712419	2720551
cardio2_PRSS8	16	31131433	31135727
neurol_PRTG	15	55611544	55743152
cardio3_PRTN3	19	840999	848175
cardio2_PSGL.1	12	108621895	108633894
oncol_PSMD9	12	121888732	121918297
cardio3_PSP.D	10	79937467	79982614
oncol_PSPN	19	6375148	6379058
oncol_PTP4A1	6	63521746	63583436
oncol_PTPRM	18	7566782	8406861
cardiom_PTPRS	19	5158495	5340803
cardio2_PTX3	3	157436850	157443633
neurol_PVR	19	44643798	44666162
cardiom_QPCT	2	37342827	37373322
oncol_RAB6A	11	73675638	73761137
cardio2_RAGE	6	32180968	32184322
cardio3_RARRES2	7	150338317	150341662
cardiom_REG1A	2	79120362	79123409
cardiom_REG3A	2	79157003	79159753
cardio2_REN	1	204154819	204190324
cardio3_RETN	19	7669049	7670455
oncol_RFNG	17	82047902	82051831
neurol_RGMA	15	93035273	93089204
neurol_RGMB	5	98768650	98798643
neurol_ROBO2	3	75906695	77649964
oncol_RP2	X	46837043	46882358
neurol_RSPO1	1	37611350	37634892
oncol_S100A16	1	153606886	153613145
cardiom_SAA4	11	18231355	18236802
neurol_SCARA5	8	27869883	27992673
neurol_SCARB2	4	76158737	76234536
neurol_SCARF2	22	20424584	20437826
cardio2_SCF	12	88492793	88580851
inflam_SCF	12	88492793	88580851
oncol_SCG2	2	223596940	223602361
cardio3_SCGB3A2	5	147870682	147882191
oncol_SCGN	6	25652201	25701783
oncol_SCLY	2	238060924	238099413
cardio3_SELE	1	169722640	169764705
cardiom_SELL	1	169690665	169711702
cardio3_SELP	1	169588849	169630193
oncol_SEPT9	17	77280569	77500596
cardio2_SERPINA12	14	94487274	94517844
cardiom_SERPINA5	14	94561442	94593118
cardiom_SERPINA7	X	106032435	106038727
neurol_sFRP.3	2	182833275	182866637
oncol_SFTPA1	10	79610939	79615455
cardio3_SHPS.1	20	1894167	1940592
neurol_Siglec.9	19	51124908	51136651
neurol_SIGLEC1	20	3686970	3707128
inflam_SIRT2	19	38878555	38899862
neurol_SKR3	12	51906908	51923361
inflam_SLAMF1	1	160608106	160647295
cardio2_SLAMF7	1	160739057	160754821
neurol_SMOC2	6	168441151	168673445
neurol_SMPD1	11	6390440	6394998
cardiom_SOD1	21	31659666	31668931
cardio2_SOD2	6	159669069	159762529
cardio2_SORT1	1	109309568	109397918
cardiom_SPARCL1	4	87473335	87531061
oncol_SPINK4	9	33218365	33248567
neurol_SPOCK1	5	136975298	137598379
cardio3_SPON1	11	13962723	14268133
cardio2_SPON2	4	1166932	1208962
cardio2_SRC	20	37344685	37406050
inflam_ST1A1	16	28537040	28623555
cardio3_ST2	2	102311502	102352037
cardiom_ST6GAL1	3	186930325	187078553
inflam_STAMBP	2	73828916	73873659
cardio2_STK4	20	44966479	45080021
cardio3_t.PA	8	42174718	42207709
oncol_TBL1X	X	9463295	9741037
cardiom_TCN2	22	30607003	30627271
cardio2_TF	1	94529173	94541759
cardio3_TFF3	21	42311667	42315651
cardio3_TFPI	2	187464230	187565760
inflam_TGF.alpha	2	70447284	70554193
cardiom_TGFBI	5	136028988	136063818
cardiom_TGFBR3	1	91680343	91906335
cardio2_TGM2	20	38127385	38166578
cardio2_THBS2	6	169215780	169254050
cardiom_THBS4	5	79991311	80083287
cardio2_THPO	3	184371935	184381968
neurol_THY.1	11	119415476	119424985
cardiom_TIE1	1	43300982	43323108
cardio2_TIE2	9	27109141	27230174
cardiom_TIMD4	5	156919292	156963226
cardiom_TIMP1	X	47582408	47586789
cardio3_TIMP4	3	12153068	12158912
cardio3_TLT.2	6	41189749	41201149
cardio2_TM	20	23045633	23049672
neurol_TMPRSS5	11	113687547	113706373
neurol_TN.R	1	175315194	175743616
cardiom_TNC	9	115019575	115118257
inflam_TNF	6	31575565	31578336
cardio3_TNF.R1	12	6328757	6342114
cardio3_TNF.R2	1	12166991	12209228
oncol_TNFAIP8	5	119268692	119399688
inflam_TNFB	6	31572054	31574324
cardio2_TNFRSF10A	8	23190452	23225102
cardio3_TNFRSF10C	8	23102921	23117445
cardio2_TNFRSF11A	18	62325287	62391288
neurol_TNFRSF12A	16	3018445	3022383
cardio2_TNFRSF13B	17	16929816	16972118
cardio3_TNFRSF14	1	2555639	2565382
neurol_TNFRSF21	6	47231532	47309905
inflam_TNFRSF9	1	7915871	7943165
cardio3_TNFSF13B	13	108251240	108308484
inflam_TNFSF14	19	6661253	6670588
cardiom_TNXB	6	32041153	32115334
oncol_TPMT	6	18128311	18155077
oncol_TPT1	13	45333471	45341284
cardio3_TR	3	196027183	196082096
cardio3_TR.AP	19	11574660	11579008
inflam_TRAIL	3	172505508	172523475
cardio2_TRAIL.R2	8	23020133	23069031
inflam_TRANCE	13	42562736	42608013
inflam_TSLP	5	111070062	111078026
inflam_TWEAK	17	7549058	7557890
oncol_TXNDC15	5	134874371	134901635
cardio3_U.PAR	19	43646095	43670547
oncol_UBAC1	9	135932969	135961373
cardiom_UMOD	16	20333052	20356301
neurol_UNC5C	4	95162504	95549206
cardio3_uPA	10	73909177	73917496
inflam_uPA	10	73909177	73917496
oncol_USO1	4	75724577	75814286
cardiom_VASN	16	4371848	4383538
oncol_VAT1	17	43014607	43025123
cardiom_VCAM1	1	100719742	100739045
inflam_VEGFA	6	43770184	43786487
cardio2_VEGFD	X	15345596	15384413
oncol_VMO1	17	4785285	4786433
oncol_VPS37A	8	17246931	17302427
oncol_VPS53	17	508668	721717
cardio2_VSIG2	11	124747474	124752255
oncol_VWA1	1	1434861	1442882
neurol_VWC2	7	49773638	49921950
cardio3_vWF	12	5948877	6124770
neurol_WFIKKN1	16	629239	634117
inflam_X4E.BP1	8	38030534	38060365
cardio2_XCL1	1	168576605	168582069
oncol_YTHDF3	8	63168553	63212786
