protein	cisonly	proposed_0.001	proposed_0.0005	proposed_0.0001	proposed_0.00005	proposed_0.00001	proposed_0.000005	proposed_0.000001
cardiom_PRCP	0.001412484	0.0001340313	NA	0.002488978	NA	NA	NA	NA
cardiom_CA1	0.02190625	0.003652036	0.006446966	NA	0.0004854978	NA	NA	NA
cardiom_ICAM1	0.1191666	0.08414835	0.07108032	0.1049855	0.09904326	0.09583629	0.08287266	NA
cardiom_CHL1	0.05765897	0.005397039	0.007647567	NA	NA	NA	NA	NA
cardiom_TGFBI	0.1628312	0.1676598	0.1373671	0.1656458	0.1693492	0.1572762	0.1483034	0.1545872
cardiom_ENG	0.02020839	0.00449108	0.0007676643	0.003882064	0.01155001	0.009814119	0.02236544	0.006454784
cardiom_PLTP	0.03115391	0.01722412	0.02297817	0.03005436	0.02070483	NA	NA	NA
cardiom_SERPINA7	0.1428489	NA	0.001277846	0.002680631	0.003596441	NA	NA	NA
cardiom_IGFBP3	0.06203013	0.06310589	0.06256898	0.06489567	0.06353976	0.06016755	0.05896689	0.06146067
cardiom_CR2	0.01314484	0.0001141933	NA	0.000232385	NA	NA	0.008079873	0.005094507
cardiom_SERPINA5	0.01144264	0.006164247	0.004896078	0.0001669068	0.001371177	NA	NA	NA
cardiom_FCGR3B	0.1877664	0.05031532	0.06377428	0.0817507	0.0877865	0.1045441	0.09717849	0.1139782
cardiom_IGFBP6	NA	0.0008610788	0.005674851	0.004768339	0.0001267681	0.0001593522	0.0001582507	NA
cardiom_CDH1	NA	0.03306359	0.04187669	NA	0.0202916	NA	NA	NA
cardiom_CCL5	0.05051795	0.01596791	0.01953261	0.007056777	NA	NA	NA	NA
cardiom_CCL14	0.09011192	0.108227	0.1033281	0.1327219	0.1221213	0.1790052	0.1795145	0.1614297
cardiom_GNLY	0.2687361	0.2136536	0.2063991	0.2258633	0.238826	0.2403549	0.2438385	0.2539692
cardiom_NOTCH1	NA	0.003255538	0.001551316	0.00744479	0.002129828	NA	NA	NA
cardiom_PAM	0.06717069	0.02955528	0.01180961	0.03121128	0.0194254	0.07464685	0.06808199	NA
cardiom_PROC	0.006251186	0.05685054	0.06390468	0.07679371	0.06186301	NA	NA	NA
cardiom_CST3	0.01339884	NA	0.0006076652	0.002866859	0.001780347	0.004122121	NA	NA
cardiom_NCAM1	0.03027571	0.02591484	0.01668719	0.02310073	0.01497187	0.008278751	0.01810707	NA
cardiom_PCOLCE	0.005929102	NA	NA	NA	NA	0.0003516594	0.0004346934	NA
cardiom_LILRB1	0.3185577	0.1934846	0.2055727	0.2423894	0.2782262	0.2847191	0.2966924	0.2862153
cardiom_MET	NA	NA	0.0003423673	NA	NA	NA	NA	NA
cardiom_LTBP2	0.001291996	0.001339428	0.0007332325	NA	NA	NA	NA	NA
cardiom_IL7R	0.2389603	0.2484802	0.2364825	0.2616044	0.2621793	0.2500773	0.2520492	0.2719902
cardiom_VCAM1	0.09211136	0.03920521	0.05221574	0.08288799	0.07839666	0.06908016	0.05916464	NA
cardiom_SELL	0.02550893	0.01922169	0.02168808	0.04834934	0.03816618	0.02367541	NA	NA
cardiom_F11	0.03767034	0.01057725	0.03557433	0.03674122	0.04595584	NA	NA	NA
cardiom_COMP	0.009490733	0.001712856	0.0006548243	0.0006090443	0.003728619	0.004440453	0.004103075	NA
cardiom_CA4	0.02002565	NA	NA	NA	NA	NA	NA	NA
cardiom_PTPRS	NA	0.0001213391	NA	0.0003254976	0.001201308	NA	0.002287028	0.0002337625
cardiom_MBL2	0.5037063	0.4451664	0.4538396	0.4536606	0.4541016	0.4794923	0.4914464	0.5085914
cardiom_TIMP1	0.01696059	NA	0.01766395	NA	0.03398508	0.03338509	0.03243239	0.006886533
cardiom_ANGPTL3	0.08419579	0.1029075	0.06415172	0.1111861	0.1118041	0.09418005	0.1038776	0.1000226
cardiom_REG3A	NA	0.0001967059	0.0009409998	NA	NA	0.0003406334	0.0005125405	0.001530566
cardiom_SOD1	NA	NA	NA	NA	NA	0.005670977	NA	NA
cardiom_CD46	0.0005405419	0.002691281	0.001634127	0.0001512805	0.003232404	NA	NA	NA
cardiom_ITGAM	NA	0.0007570624	NA	0.001140252	0.0006060581	0.0001953891	0.002708114	NA
cardiom_TNC	0.03076504	0.01096965	0.01532228	0.006275644	0.008036228	0.004570068	NA	NA
cardiom_NID1	0.01581804	0.009161549	0.009020832	0.002095312	0.006379609	0.0003414684	0.0007501684	NA
cardiom_CFHR5	0.05036138	0.06435468	0.06052467	0.05922035	0.06152588	0.0588093	0.06158661	0.05569473
cardiom_SPARCL1	0.2151561	0.1957196	0.194558	0.190284	0.1917247	0.2064689	0.2118014	0.2116779
cardiom_PLXNB2	0.1328159	0.1491102	0.1470637	0.1643427	0.1642237	0.1634167	0.1634167	0.1379449
cardiom_MEGF9	0.0213974	0.0002236036	0.001258784	0.003081307	NA	NA	NA	NA
cardiom_ANG	0.2808501	0.2004511	0.2069396	0.2222511	0.2015678	0.2559394	0.2592508	0.2475917
cardiom_ST6GAL1	0.01592676	0.01571961	0.02623909	0.02503201	0.02983525	0.0286352	NA	0.01081562
cardiom_DPP4	0.0004154316	NA	NA	NA	NA	NA	NA	0.007556583
cardiom_REG1A	0.02722147	0.01085516	0.01400949	0.007117434	0.005207465	0.00240502	0.0001364325	0.0004156713
cardiom_QPCT	0.08323245	0.0005396667	0.01352238	0.04113355	0.05489629	0.07020862	0.08132239	0.09723428
cardiom_FCN2	0.2122999	0.1829393	0.1891536	0.2060627	0.2282723	0.2245621	0.2275268	0.2299083
cardiom_FETUB	0.1038208	0.06376604	0.06528152	0.1151704	0.1219177	0.1525007	0.1478222	0.1878864
cardiom_CES1	0.1263074	0.02771634	0.02705005	0.03692138	0.04935934	0.07147245	0.07729091	0.09334945
cardiom_CRTAC1	0.1018558	0.3345867	0.3456919	0.3513269	0.3681613	0.3558474	0.3543997	0.3549258
cardiom_TCN2	0.3331132	0.248002	0.3002271	0.3400478	0.3572192	0.3743029	0.3549854	0.288898
cardiom_PRSS2	0.03271612	0.001903354	0.005392518	0.008757648	0.00705718	0.009487868	0.0004744105	NA
cardiom_ICAM3	0.01354505	0.005677555	0.0002949231	0.004030302	0.0001842917	0.0006494661	0.003481941	0.003537504
cardiom_SAA4	0.3527347	0.3092931	0.3020502	0.2552355	0.3184669	0.3405935	0.3421109	0.3443007
cardiom_CNDP1	0.01022164	0.004364254	0.008895816	0.0008054967	0.0005430702	0.002266424	NA	NA
cardiom_FCGR2A	0.4016473	0.3970744	0.3992679	0.4045604	0.4106365	0.4566301	0.4485002	0.416089
cardiom_NRP1	0.0123824	NA	NA	NA	NA	NA	0.006043048	0.003000833
cardiom_EFEMP1	0.0194224	0.001160905	0.001620341	NA	NA	NA	NA	NA
cardiom_TIMD4	0.002277802	0.01888179	0.0136876	0.004463503	0.001211388	0.00242752	0.002424173	NA
cardiom_FAP	0.0218408	0.002519346	0.0002007211	0.0123585	0.006114826	0.0001842965	NA	NA
cardiom_TIE1	0.004913626	0.1354949	0.15701	0.1817031	0.1477043	0.1601549	0.167474	0.2102085
cardiom_THBS4	0.002468873	NA	NA	NA	NA	0.0004305212	0.001955991	NA
cardiom_F7	0.1575912	0.08201509	0.08365682	0.1579098	0.1556906	0.1510788	0.1509321	0.1589603
cardiom_GP1BA	0.007360359	NA	NA	NA	NA	NA	NA	NA
cardiom_LYVE1	0.00862785	0.006040435	0.002689526	0.00787877	0.004765573	0.002879402	0.001259437	NA
cardiom_CA3	NA	0.009987994	0.0217998	0.002126715	0.0002950918	NA	NA	0.0002773973
cardiom_TGFBR3	NA	0.0001768986	0.00124998	0.0004770703	0.0004962826	NA	NA	0.002091548
cardiom_DEFA1	0.0001554581	NA	0.003374663	0.001918864	0.005173507	0.008545081	0.01052895	NA
cardiom_CD59	NA	0.0002650684	0.0001558671	NA	NA	0.003113384	0.0009423312	0.0005761346
cardiom_APOM	0.03187999	0.01615549	0.00636182	0.003108898	NA	0.001597095	0.005596755	0.0001227762
cardiom_OSMR	0.0599032	0.07468635	0.08022991	0.07911687	0.0812903	0.08803276	0.08523132	0.09974861
cardiom_LILRB2	0.396912	0.3410226	0.3201847	0.3296925	0.3404619	0.349489	0.365241	0.3566252
cardiom_UMOD	0.1428128	0.1079398	0.1311377	0.1256018	0.1280749	0.1282705	0.1274244	0.1327415
cardiom_CCL18	0.1253823	0.04693576	0.04934776	0.07105883	0.07996573	0.1063132	0.05723088	0.09166348
cardiom_COL18A1	0.01774047	0.01151792	0.01648707	0.00621644	0.01522241	0.0008147093	0.02006202	0.02222493
cardiom_LCN2	0.0344758	0.01487625	0.003050439	0.03550472	0.03557243	0.03756469	0.02745319	0.0151218
cardiom_KIT	0.02368605	0.003657066	0.002815287	0.001593194	0.004666441	0.02938607	0.02117311	0.01132655
cardiom_C1QTNF1	0.001587352	0.003287373	0.001246574	NA	NA	NA	0.0003817261	NA
cardiom_AOC3	0.2002242	0.1370994	0.1434063	0.1715375	0.1775816	0.210576	0.2158378	0.2108478
cardiom_GAS6	0.06130648	0.04474406	0.03998414	0.03216721	0.03101152	0.02424565	0.02385898	0.01519675
cardiom_IGLC2	0.01537767	0.01650491	0.006398522	0.002613978	0.0007091825	0.0007215115	NA	NA
cardiom_PLA2G7	0.02500576	0.01838503	0.01518127	0.009113829	0.009100309	0.01337298	0.01639246	0.01771971
cardiom_TNXB	0.04120532	0.02779566	0.01637885	0.03985637	0.04398903	0.0452795	0.04310444	0.05520985
cardiom_MFAP5	NA	0.001752135	0.0003243317	0.0008863951	0.0005861582	0.001135943	0.0002936016	0.003613624
cardiom_VASN	0.06689727	0.005206793	0.02148901	0.06800259	0.1051405	0.1199829	0.1328594	0.07568755
cardiom_LILRB5	0.7347253	0.7087461	0.6930998	0.7098871	0.7215768	0.7280027	0.7339731	0.732295
cardiom_C2	NA	0.04920589	0.04735421	0.04245745	0.04353276	0.07345328	0.07231265	0.05517221
cardio2_BMP.6	0.02223946	NA	NA	NA	NA	0.003687601	0.002426725	0.00324075
cardio2_ANGPT1	0.0136559	0.05843803	0.03125716	0.02664556	0.03934746	0.01106028	0.005305014	0.000834091
cardio2_ADM	0.07667778	0.09389801	0.0922355	0.03871313	0.04428075	0.02490359	0.02573687	0.002981078
cardio2_CD40.L	0.003384693	0.01208259	0.01396882	0.001821452	0.0009691487	0.002380342	NA	NA
cardio2_SLAMF7	0.1476818	0.07947257	0.1517358	0.1138365	0.1520893	0.1530377	0.1592706	0.1590174
cardio2_PGF	0.0802257	0.06158462	0.07004769	0.06791966	0.03308956	0.03184594	0.03779576	0.009630227
cardio2_ADAM.TS13	0.02054425	0.003652508	0.02347231	0.015075	0.01738316	0.01822491	0.01487502	0.01921255
cardio2_BOC	0.006449113	NA	NA	NA	NA	NA	NA	NA
cardio2_IL.4RA	0.0397325	0.02380057	0.01844618	0.02853663	0.02437518	0.04891183	0.03289106	0.05325926
cardio2_SRC	NA	NA	NA	NA	NA	NA	NA	NA
cardio2_IL.1ra	0.002817585	NA	NA	0.004052582	0.004912231	0.00110546	0.001680001	NA
cardio2_IL6	0.001760072	NA	NA	NA	NA	NA	NA	NA
cardio2_TNFRSF10A	0.1368737	0.101315	0.1119502	0.1216723	0.1032506	0.1313223	0.1350509	0.1230935
cardio2_STK4	0.0004492607	0.002674632	0.005742434	NA	0.0003359381	0.006550538	NA	NA
cardio2_IDUA	0.1587215	0.08442234	0.08859446	0.09722846	0.0975417	0.1060883	0.1269682	0.1178232
cardio2_TNFRSF11A	0.02635749	NA	NA	NA	0.003593959	NA	0.02319834	0.03184531
cardio2_PAR.1	0.03454271	0.02050322	0.01335958	0.02020853	NA	NA	0.0003167298	NA
cardio2_TRAIL.R2	0.04476599	0.01044039	0.04385822	0.01745443	0.006355836	0.0009909598	0.001336108	NA
cardio2_PRSS27	NA	0.05885932	0.06119788	0.06669857	NA	0.06976745	0.06741701	0.06451958
cardio2_TIE2	0.0374727	0.1802606	0.1750262	0.1630455	0.1661247	0.1827363	0.1802948	0.08878531
cardio2_TF	0.02739627	0.02002053	0.01508887	0.02378317	0.05927783	0.02964718	0.04716896	0.07622658
cardio2_IL1RL2	0.1958158	0.1737722	0.1739752	0.193235	0.2060892	0.2181954	0.2217931	0.08781967
cardio2_PDGF.subunit.B	0.03209177	0.05337394	0.04753584	0.04081383	0.02942997	0.007461287	0.001612402	0.0009407476
cardio2_IL.27	0.119241	0.4683237	0.4703594	0.4567463	0.4532559	0.4501525	0.4396648	0.4615171
cardio2_IL.17D	0.0477507	0.01742801	0.03991381	0.0346971	0.01418659	0.01788163	0.02340796	0.0008356901
cardio2_CXCL1	NA	0.0003387899	0.0001419154	0.0001226427	NA	NA	NA	NA
cardio2_LOX.1	0.02120075	0.02028752	0.02072984	0.02884914	0.02238943	0.02057437	0.03493779	0.02727062
cardio2_Gal.9	0.08213462	0.05937485	0.07025054	0.05048807	0.05349393	0.06259278	0.06724883	0.06467542
cardio2_GIF	0.02669455	0.05930147	0.06028468	0.02139237	0.01550244	0.02704723	0.001664965	NA
cardio2_SCF	0.03377086	0.03394426	0.01353352	0.01807048	0.02022977	0.01192067	0.007641084	0.004090503
cardio2_IL18	0.002922252	0.01482792	0.0130609	0.003279348	0.002546325	0.004578453	NA	0.0004150703
cardio2_FGF.21	0.03612787	0.01161396	0.002976316	0.01312596	0.008484289	0.01786058	0.01638064	NA
cardio2_PIgR	0.1283784	0.08170394	0.07766219	0.07500222	0.06422093	0.07280706	0.06935319	0.04458946
cardio2_RAGE	0.1806735	0.2074614	0.208063	0.1902867	0.1760069	0.1235302	0.09292324	NA
cardio2_SOD2	NA	0.01963915	0.01472116	0.002344805	0.004135597	NA	NA	NA
cardio2_CTRC	0.05235738	0.08983361	0.0798892	0.114848	0.1201546	0.1259032	0.1231916	0.0899323
cardio2_FGF.23	0.0185284	NA	NA	NA	0.001849167	NA	NA	NA
cardio2_SPON2	0.002601692	0.003407902	0.002090254	NA	0.006512456	0.0002927999	0.00113328	NA
cardio2_GH	0.002204988	0.0008540109	NA	NA	NA	0.0008406663	NA	NA
cardio2_FS	0.0609745	0.06720538	0.06021386	0.03914927	0.02720439	0.04095906	0.01382292	0.0001873703
cardio2_GLO1	0.06492844	0.05851337	0.05156127	0.05076194	0.05116729	NA	NA	0.007285029
cardio2_CD84	0.01211076	0.01578114	0.05492825	0.009228277	0.0491379	0.01554787	0.001001347	NA
cardio2_PAPPA	0.004244085	0.02263759	0.01710147	0.007511349	0.01130933	0.01250767	0.01027574	0.007088823
cardio2_SERPINA12	0.2947148	0.1744086	0.1704729	0.2828826	0.3105505	0.3266078	0.3280127	0.2340211
cardio2_REN	0.002579399	0.004283396	0.002701071	0.004199387	0.004370966	NA	0.005404846	0.009644289
cardio2_DECR1	0.002286986	NA	0.0007624789	0.0003186465	0.0003235711	0.0004852574	NA	0.0007695448
cardio2_MERTK	0.0406198	0.02385089	0.0176859	NA	0.02242534	0.01053694	0.006111982	NA
cardio2_KIM1	0.1041355	0.04145911	0.09116259	0.08410173	0.1082209	0.1012226	0.05689765	0.009236826
cardio2_THBS2	0.07277762	0.08459023	0.05740992	0.07061935	0.04466999	0.01531116	0.0160361	NA
cardio2_TM	0.03280645	0.01447178	0.0216194	0.02447777	0.02578111	0.01173274	0.01865054	0.02028675
cardio2_VSIG2	0.0001098357	0.0002481134	NA	NA	0.0002529694	0.002196125	0.002577381	NA
cardio2_AMBP	0.01095913	0.02734125	0.04407043	0.02413118	0.01975845	NA	0.002960535	NA
cardio2_PRELP	0.01655686	0.001044923	0.009390735	0.0006069984	0.00218419	0.0090638	NA	NA
cardio2_HO.1	0.00667573	NA	NA	0.0001514903	NA	NA	0.003222917	NA
cardio2_XCL1	0.183213	0.1417339	0.1501779	0.1557941	0.1632919	0.1664731	0.1715544	0.1708142
cardio2_IL16	0.0177538	0.04707474	0.05101725	0.0251015	0.03407264	0.02355303	0.0002864559	NA
cardio2_SORT1	0.01605222	0.01655659	0.02150094	0.02136604	0.02708867	0.006985739	0.006768564	0.0001038971
cardio2_CEACAM8	0.1215124	0.1034108	0.1262896	0.1124312	0.1184454	0.07759723	0.03275342	0.04995669
cardio2_PTX3	0.1823756	0.1161322	0.1126681	0.1454452	0.1503982	0.1477089	0.1533606	0.1821962
cardio2_PSGL.1	0.3329497	NA	0.3182803	0.3554443	0.3443534	0.3268609	0.3466869	0.3557528
cardio2_CCL17	0.001069061	NA	NA	NA	NA	NA	NA	0.0009861188
cardio2_CCL3	0.02352657	0.01305384	NA	0.006359843	0.01081634	0.07757587	0.1015843	0.1507287
cardio2_MMP7	NA	0.006686493	0.01079908	0.004402806	0.004167768	0.009185624	NA	NA
cardio2_IgG.Fc.receptor.II.b	0.5351987	0.5212837	0.5242286	0.5219094	0.5234239	0.5229943	0.5240271	0.5249727
cardio2_ITGB1BP2	0.008609293	NA	NA	0.001833078	0.004284158	NA	NA	NA
cardio2_DCN	0.003443179	NA	0.001352782	0.003154379	0.01637131	NA	NA	0.00299575
cardio2_Dkk.1	0.01735584	0.01746901	0.01703047	0.0001203842	NA	NA	NA	NA
cardio2_LPL	0.1321981	0.03202891	0.1012815	0.09395685	0.1042766	0.1354654	0.1300479	0.1362366
cardio2_PRSS8	0.1017794	0.1030872	0.1008739	0.08407525	0.07989402	0.05057811	0.04673122	0.0331886
cardio2_AGRP	0.07886656	0.1395137	0.1372491	0.1057164	0.09104816	0.08037974	0.08050867	0.03558863
cardio2_HB.EGF	0.0595022	0.05462065	0.05513461	0.06894631	0.05663067	0.06051103	0.04498346	0.02666617
cardio2_GDF.2	0.001800302	0.009193329	0.01093996	0.004761239	0.00191913	0.001695402	0.002034283	0.001066988
cardio2_FABP2	0.0108223	0.0004444293	0.0001423312	0.01607783	0.00808587	NA	0.0005213328	0.007140925
cardio2_THPO	0.001456264	0.0007943622	0.0001309107	NA	0.0001637903	NA	NA	NA
cardio2_MARCO	0.008100526	NA	NA	NA	NA	NA	0.002778837	NA
cardio2_GT	0.000120083	0.005988566	0.005060958	0.0031571	0.001820835	0.001391871	0.007748751	NA
cardio2_BNP	0.06707294	0.01842809	0.008619977	0.05211044	0.04342975	0.06075588	0.05721946	0.04535296
cardio2_MMP12	0.1413597	NA	0.00124426	0.008161076	0.03334045	0.05071616	0.1190276	NA
cardio2_ACE2	NA	NA	0.004490026	0.01410999	0.0111038	0.0001190011	0.0002780079	0.007510765
cardio2_PD.L2	0.1467694	0.2078171	0.1933855	0.1567039	0.1520828	0.2004241	0.1996237	0.213792
cardio2_CTSL1	0.004603651	0.003051011	NA	0.00121239	NA	0.000239516	NA	NA
cardio2_hOSCAR	0.1681019	0.1371773	0.1247304	0.1881399	0.1773775	0.2154288	0.164708	0.192929
cardio2_TNFRSF13B	NA	0.004183275	0.005271359	0.003988722	0.005062222	NA	NA	0.001739612
cardio2_TGM2	0.0004448693	0.013408	0.01836626	0.008920621	0.006503875	0.01348716	0.00332246	0.008633768
cardio2_LEP	0.03248888	0.04975718	0.03176498	0.02055563	0.01229593	0.009605195	0.0007694779	NA
cardio2_CA5A	0.2463486	0.201899	0.2086629	0.2105231	0.2156989	0.2097733	0.2117205	0.2131747
cardio2_HSP.27	0.07346256	NA	NA	0.003746044	NA	NA	0.001961283	NA
cardio2_CD4	0.1411335	0.004564528	0.0006941007	0.0009361311	NA	0.006309239	0.009661955	0.02049059
cardio2_NEMO	NA	NA	NA	NA	NA	0.0006317699	NA	NA
cardio2_VEGFD	0.1381584	NA	0.05202263	NA	NA	NA	NA	NA
cardio2_PARP.1	0.0009660038	0.0007960017	NA	NA	0.000504653	0.0001287882	0.0003029189	NA
cardio2_HAOX1	NA	NA	NA	NA	0.001194745	NA	0.001917444	NA
cardio3_TNFRSF14	0.006690136	0.01770767	0.01491866	0.01938328	0.02086484	0.004270077	0.003463585	0.002237231
cardio3_LDL.receptor	0.03431501	0.01988632	0.009333725	0.02107316	0.02737308	0.007982747	0.01287051	NA
cardio3_ITGB2	0.01142374	NA	0.004460848	0.001663647	0.0003577408	0.0007246911	0.0003881375	0.007335941
cardio3_IL.17RA	0.6553893	0.5457338	0.5650064	0.5718111	0.560082	0.5845247	0.5929858	0.5841912
cardio3_TNF.R2	0.001103559	0.0129255	0.01553569	0.01791142	0.01424401	0.002753594	0.0006563153	0.007138857
cardio3_MMP.9	0.004939332	0.009336295	0.01273233	0.02238437	0.02223952	0.0071044	0.007349416	0.001545834
cardio3_EPHB4	0.004688414	0.006070061	0.004947554	0.003689075	0.002363632	0.002466058	0.002666859	0.002175976
cardio3_IL2.RA	0.1533875	0.1595896	0.1914443	0.1625527	0.1594174	0.1614624	0.1554213	0.1852808
cardio3_OPG	0.00250188	0.006609872	0.003773756	0.005744386	0.007252578	0.0003716081	0.0007665524	NA
cardio3_ALCAM	0.0006321693	NA	NA	NA	NA	NA	NA	NA
cardio3_TFF3	0.004543493	NA	0.005489446	0.0007118639	NA	0.004016151	NA	NA
cardio3_SELP	0.0128924	NA	0.0001594369	NA	0.001761052	0.003604234	0.000626425	NA
cardio3_CSTB	0.07212537	0.03650176	0.05604889	0.1042349	NA	0.0001366258	0.0005413207	NA
cardio3_MCP.1	0.0348085	0.05377145	0.03616409	0.02889955	0.01728132	0.01897553	0.01668526	0.02010251
cardio3_CD163	NA	0.002522727	0.002545905	0.001104	0.005787684	0.0001965221	0.0002491573	NA
cardio3_Gal.3	0.090693	0.0996958	0.0962057	0.1163115	0.1221043	0.1240614	0.1288585	0.1335827
cardio3_GRN	0.005161439	0.08969881	0.08848063	0.03848435	0.02525153	0.09223098	0.09077244	0.09265631
cardio3_NT.proBNP	0.07241238	0.02152711	0.01335664	0.03761989	0.04436158	0.02802511	0.01584153	0.005367387
cardio3_BLM.hydrolase	0.1856258	0.1949745	0.1817547	0.1948384	NA	0.1899758	0.190863	0.1819164
cardio3_PLC	0.00672935	NA	0.0004600809	0.001687509	0.001687509	0.007095288	0.0009736357	NA
cardio3_LTBR	0.04064013	0.01628508	0.05085815	0.03779243	0.02737466	0.0191644	0.02278466	NA
cardio3_Notch.3	0.001102188	NA	0.0002036677	NA	0.001096833	0.0001834443	NA	NA
cardio3_TIMP4	0.0009104992	0.002415023	0.0006624486	0.001360009	0.001234796	0.00155079	NA	0.0006674915
cardio3_CNTN1	0.007573917	NA	0.004625985	0.01537776	0.04133727	0.0338805	0.03426484	0.03729777
cardio3_CDH5	NA	0.2638301	0.2597916	0.2876349	0.2911174	0.2849381	0.271598	0.271496
cardio3_TLT.2	0.08172958	0.0395509	0.04036161	0.03596299	0.04237134	0.03489308	0.02925144	0.01378245
cardio3_FABP4	0.0008626014	0.00104167	0.005325846	0.003793848	0.003236591	0.01078209	NA	NA
cardio3_TFPI	0.1002846	0.1134964	0.1237788	0.1222081	0.1145027	0.1193488	0.1193011	0.1237281
cardio3_PAI	0.04281789	0.03883668	0.05342165	0.05062848	0.05600954	0.05209941	0.04028645	NA
cardio3_CCL24	0.4701854	0.4120278	0.4119333	0.431969	0.4715136	0.483085	0.4825181	0.5031285
cardio3_TR	0.1502053	0.1298961	0.1238966	0.1342936	0.132566	0.1077691	0.1070476	0.1101872
cardio3_TNFRSF10C	0.04809343	0.2223395	0.1838283	0.2266893	0.2282532	0.2272266	0.2259067	0.2256667
cardio3_GDF.15	0.003738674	0.004483427	0.0001726332	0.003119789	NA	NA	NA	NA
cardio3_SELE	0.003635644	0.2724253	0.283033	0.2537844	0.2613958	0.274191	0.2728192	0.2693142
cardio3_AZU1	NA	NA	0.0001743468	0.0008362223	0.00158889	0.00103403	0.0006672589	NA
cardio3_DLK.1	0.09110836	0.1207305	0.1166823	0.1215918	NA	NA	0.1195116	0.02381461
cardio3_SPON1	0.008561968	0.001723291	0.004135451	NA	0.003462047	0.0001464285	0.001159505	NA
cardio3_MPO	0.008466791	0.004451482	NA	NA	NA	NA	0.008411354	NA
cardio3_CXCL16	0.05839117	0.06867359	0.07883569	0.06670924	0.0548157	0.02859186	0.007244365	NA
cardio3_IL.6RA	0.6022452	0.5853675	0.5756214	0.5900663	0.5875839	0.5851809	0.579339	0.5882511
cardio3_RETN	0.1450051	0.09521731	0.09800508	0.1587011	0.1727372	0.17158	0.1762875	0.1775815
cardio3_IGFBP.1	0.03969675	0.03027872	0.0372979	0.03578449	0.04777713	0.04155342	0.04460355	NA
cardio3_CHIT1	0.4508869	0.4047366	0.4319055	0.4094062	0.4210454	0.4521723	0.4477481	0.45223
cardio3_TR.AP	0.02117359	0.03670575	0.03195114	0.02668276	0.005040418	0.0009144384	0.004800848	0.01460517
cardio3_GP6	0.07123817	0.0001243426	NA	0.007357427	NA	0.005822267	0.002460867	NA
cardio3_PSP.D	0.2433121	0.2270533	0.2104937	0.2122615	0.2248354	0.1812176	0.1875124	0.189208
cardio3_PI3	0.001297767	0.007633154	0.0001769824	0.00487741	0.009976789	0.00982291	NA	0.005666975
cardio3_Ep.CAM	0.009011106	0.003413731	0.01159782	0.0191705	0.01084606	0.01856938	0.01771205	NA
cardio3_AP.N	0.01983516	0.01122539	0.02028319	0.03078416	0.02081011	0.02208318	0.02452586	NA
cardio3_AXL	NA	NA	0.0002293685	0.01407996	NA	NA	NA	NA
cardio3_IL.1RT1	NA	0.02028676	0.002022979	NA	NA	0.00197928	0.0002228372	NA
cardio3_MMP.2	0.007514435	NA	NA	NA	NA	0.003590813	NA	NA
cardio3_FAS	0.02084765	0.01645681	0.007359949	0.02778352	0.02443077	0.0124405	0.0110037	0.003472007
cardio3_MB	0.000363802	0.0009898453	NA	0.001710697	NA	NA	0.002662373	NA
cardio3_TNFSF13B	0.02409656	0.001824464	0.002781693	0.005208308	0.005872869	NA	0.0003038621	NA
cardio3_PRTN3	0.05379413	0.0287011	0.01828571	0.02266927	0.02338189	0.01728907	0.02976542	0.0001169375
cardio3_PCSK9	0.0125142	0.004211153	0.00372833	NA	0.0004112139	NA	NA	NA
cardio3_U.PAR	0.0003620307	NA	NA	NA	NA	NA	NA	NA
cardio3_OPN	0.02981184	0.0005664989	NA	NA	NA	NA	NA	NA
cardio3_CTSD	0.1582357	0.1052367	0.08665582	0.1052053	0.0862628	0.07569465	0.07099395	0.07601441
cardio3_PGLYRP1	0.04658119	0.02154894	0.01934587	0.01318904	0.01922518	0.009686747	0.006197854	0.01531854
cardio3_CPA1	0.004657462	0.01706396	0.01776951	0.01624755	0.01122256	NA	0.003123666	NA
cardio3_JAM.A	0.0003585889	0.000159073	0.005209347	0.005605482	NA	0.001715778	NA	NA
cardio3_Gal.4	0.01128251	0.05417172	NA	0.05767558	0.05848602	0.05990509	0.06024571	0.06066553
cardio3_IL.1RT2	0.221695	0.1420226	0.1537391	0.1822338	0.1773101	0.2108688	0.2064276	0.1996999
cardio3_SHPS.1	0.4832201	0.4757046	0.4757461	0.412586	0.4124021	0.4118428	0.4118428	0.4112372
cardio3_CCL15	0.4341991	0.3350004	0.3525699	0.3484738	0.3685034	0.3684879	0.3684879	0.3943004
cardio3_CASP.3	NA	0.003912727	0.006005727	0.007029779	0.009571128	0.002977791	NA	NA
cardio3_uPA	0.04075178	0.02447101	0.03467941	0.06064283	0.07960508	0.1407394	0.1360053	NA
cardio3_CPB1	0.01867275	0.03111671	0.01763288	0.02907742	0.03834234	0.01237816	0.006088292	0.00494444
cardio3_CHI3L1	0.2823587	0.2837005	0.2831843	NA	0.283414	0.2832386	0.2831704	0.2825535
cardio3_ST2	0.1486592	0.1399394	0.1294963	0.1460995	0.09208964	0.1411973	0.173238	0.1818401
cardio3_t.PA	NA	0.004670343	NA	0.007164865	0.003909086	0.001994984	0.002024449	NA
cardio3_SCGB3A2	0.02574216	0.01244572	0.01256679	0.02120892	0.02598919	0.0309422	0.02030403	0.004085072
cardio3_EGFR	0.008516041	0.007584913	0.008736113	0.01094038	0.0009629016	0.005421732	NA	NA
cardio3_IGFBP.7	0.02896139	0.0023005	0.003906457	NA	NA	0.0003909753	0.003405829	0.002726274
cardio3_CD93	0.03572781	0.0131567	0.01137656	0.02606392	0.02841611	NA	NA	0.0008221195
cardio3_IL.18BP	0.06955376	0.07553402	0.08676074	0.0711776	0.07578247	0.06149874	0.07057242	0.0617952
cardio3_COL1A1	NA	NA	0.0009993922	NA	NA	NA	NA	NA
cardio3_PON3	0.1409263	0.03946227	0.04471657	0.01947255	0.01584237	0.02970628	0.004206931	NA
cardio3_CTSZ	0.0138714	0.02017978	0.01853488	0.01415602	0.01402524	0.01895969	0.005283239	0.009691074
cardio3_MMP.3	0.09725423	0.07861369	0.07869538	0.06675171	0.07311324	0.07289476	0.09426846	0.0939187
cardio3_RARRES2	0.01399176	NA	NA	0.003187308	0.0004564852	0.00145865	0.003549964	NA
cardio3_ICAM.2	0.001955493	0.2907982	0.2921724	0.3256935	0.3341517	0.3195917	0.3182332	0.3160913
cardio3_KLK6	0.01337542	0.01908492	NA	0.01890116	0.01619167	0.0007068568	NA	NA
cardio3_PDGF.subunit.A	0.07682202	0.06724747	0.0667007	0.04560657	0.03908874	0.02886798	0.01982916	NA
cardio3_TNF.R1	0.02738611	0.0155299	0.02097131	0.01896304	0.01794332	0.02016437	0.02016437	NA
cardio3_IGFBP.2	0.1170509	0.1144973	0.143174	0.1221482	0.1213281	0.09702563	0.05148397	0.05153357
cardio3_vWF	NA	0.0487882	0.01802962	0.004755836	0.002577643	0.007049262	0.00728796	0.002477942
cardio3_PECAM.1	NA	0.008897473	0.006506814	0.017133	0.01816089	0.00955026	NA	NA
cardio3_MEPE	0.0163765	0.0178197	0.02480078	0.01586512	0.03440322	0.04523272	0.0202563	NA
cardio3_CCL16	0.5386984	NA	0.4827272	0.4686484	0.4932637	0.5215469	0.5354553	0.5319786
inflam_IL8	0.0265368	0.03132741	0.03193643	0.03802557	0.0323194	0.0424276	0.03875257	0.01575158
inflam_VEGFA	0.04339315	0.06214662	0.01133153	0.02427116	0.02120844	0.01360813	0.01362079	0.0004147618
inflam_CD8A	0.1321787	0.1339621	0.1329789	0.1690624	0.1707212	0.1477258	0.1109022	0.109861
inflam_MCP.3	0.04054661	0.03612419	0.03814809	0.03137987	0.04992675	0.02849953	0.02765573	0.01800841
inflam_GDNF	0.02043534	0.02617863	0.01989868	0.02373363	0.01470735	0.01089033	0.008974074	NA
inflam_CDCP1	0.005998553	NA	0.002663832	0.0003174792	0.004879545	0.005279879	0.005667105	NA
inflam_CD244	0.01118881	0.01364787	0.0086618	0.01544386	0.01360607	0.01451036	0.01469001	NA
inflam_IL7	0.02489461	0.04118003	0.02921949	0.01887057	0.02184634	0.01750621	0.01767336	NA
inflam_OPG	0.0001601119	0.002870337	0.003374703	0.001041562	0.001486657	0.004980827	NA	NA
inflam_LAP.TGF.beta.1	0.02688873	0.008752956	0.01033264	0.02037779	0.01576708	0.01838547	0.01345258	0.01335784
inflam_uPA	0.071404	0.07261453	0.06223317	0.08105459	0.0985964	0.1394207	0.1451359	0.1468149
inflam_IL6	NA	NA	0.004068051	0.0007184629	0.002506056	0.002055358	0.001592068	NA
inflam_IL.17C	0.004640163	0.0004300012	NA	0.01430925	0.005161824	0.005721247	0.003063162	NA
inflam_MCP.1	0.02822803	0.0526553	0.05267632	0.0585209	0.03274023	0.004573739	0.00248352	0.004783377
inflam_IL.17A	NA	0.0001600289	0.001823849	NA	NA	NA	NA	NA
inflam_CXCL11	0.06979792	0.02970208	0.03079794	0.03960211	0.05576262	0.05350733	0.0640239	0.05971758
inflam_AXIN1	0.003127665	0.01419147	0.0002442701	0.006349157	0.0002956692	NA	NA	NA
inflam_TRAIL	0.02675438	0.003176225	NA	NA	0.0206408	0.01702668	NA	NA
inflam_IL.20RA	NA	0.000366486	NA	NA	NA	NA	NA	NA
inflam_CXCL9	0.1306747	0.114373	0.1283744	0.1072769	0.1050085	0.06518041	0.06095696	0.02894705
inflam_CST5	0.1803783	0.1192149	0.1378638	0.1756031	0.1845306	0.198046	0.1866746	0.179022
inflam_IL.2RB	0.01410679	0.0152082	0.02070771	NA	0.004690349	NA	NA	NA
inflam_IL.1.alpha	0.005544764	NA	0.001834831	NA	0.0002603924	NA	NA	NA
inflam_OSM	0.01309553	0.01246208	0.01255332	0.01875956	0.02183094	0.02179909	0.01308414	0.02868637
inflam_IL2	0.0097875	0.00149133	NA	0.004463233	0.01037535	0.02157685	NA	NA
inflam_CXCL1	NA	0.0001511192	0.00204299	NA	0.001259756	NA	NA	NA
inflam_TSLP	NA	0.001171245	NA	0.0006218151	0.0003258045	NA	NA	0.0004128676
inflam_CCL4	NA	0.01547337	0.008536107	NA	0.01037648	0.02984674	0.04153814	0.09916597
inflam_CD6	0.1900148	0.2017337	0.1721372	0.1794123	0.1782768	0.2051929	0.2136658	0.222623
inflam_SCF	0.02750278	0.00919647	0.02585335	0.02226751	0.02546966	0.01042497	0.006976423	NA
inflam_IL18	0.0007853292	0.004845855	0.005650691	0.004308922	0.002898623	0.00517787	0.0004804358	NA
inflam_SLAMF1	NA	NA	0.0004587961	NA	0.001553288	NA	NA	NA
inflam_TGF.alpha	0.0001132549	NA	NA	0.005848288	NA	NA	NA	NA
inflam_MCP.4	0.007580338	0.01077625	0.008322956	0.0001101806	0.00777275	0.002888369	0.01043767	0.005791127
inflam_CCL11	0.0019479	NA	NA	0.004533041	0.003523733	NA	NA	0.0004735368
inflam_TNFSF14	0.02942535	0.01310666	0.01840302	0.02658701	0.02836222	0.03297798	0.06085459	0.06550985
inflam_FGF.23	0.01250437	0.01119501	NA	NA	0.0002745232	NA	NA	NA
inflam_IL.10RA	0.001280868	0.002304996	NA	NA	0.0004693014	NA	NA	NA
inflam_FGF.5	0.2468407	0.2123768	0.2098446	0.1854843	0.1705198	0.173979	0.1731326	0.1486705
inflam_MMP.1	0.08752992	0.03091962	0.05901102	0.04000227	0.04172067	0.08923727	0.08395527	0.07664449
inflam_LIF.R	NA	0.02958539	0.01278037	0.03201486	0.02915826	0.03121035	0.02376121	NA
inflam_FGF.21	0.02189508	0.003799691	0.01025459	0.004290822	0.006199307	0.02418213	NA	0.008137594
inflam_CCL19	0.0006215055	NA	0.001532072	NA	0.004773073	NA	NA	0.001130215
inflam_IL.15RA	0.1685379	0.07405195	0.08579725	0.04974441	0.0505869	0.023435	0.01602388	NA
inflam_IL.10RB	0.1587383	0.160816	0.1782118	0.1815973	0.181791	0.07712071	0.02200342	0.02448798
inflam_IL.22.RA1	0.002800117	NA	NA	0.00161451	0.003945944	NA	NA	NA
inflam_IL.18R1	0.3379501	0.3353174	0.3392791	0.3404347	0.3406073	0.3312807	0.3309951	0.3359088
inflam_PD.L1	0.09808027	0.05282721	0.05592191	0.08865996	0.09239958	0.07992268	0.07731238	0.09504916
inflam_Beta.NGF	0.006081584	0.007657475	0.003306538	0.0004313999	0.0005332452	NA	NA	NA
inflam_CXCL5	0.1536584	0.1680135	0.1558204	0.1460431	0.1528504	0.1679809	0.1642683	0.1670553
inflam_TRANCE	NA	0.001452441	0.0001745976	NA	NA	NA	NA	NA
inflam_HGF	0.02965915	0.01118921	0.006412921	0.01687227	0.02157891	0.0001782513	NA	0.002668615
inflam_IL.12B	0.1028116	0.04288398	0.04387648	0.04661446	0.06598037	0.06470326	0.04322121	0.03723121
inflam_IL.24	0.004476511	0.003332573	0.00109953	NA	NA	0.01829111	NA	NA
inflam_IL13	0.00538723	NA	0.009998039	0.00127788	0.003864553	0.00936211	NA	NA
inflam_ARTN	NA	0.000391863	NA	NA	NA	NA	NA	NA
inflam_MMP.10	0.01499995	NA	0.005131662	0.00128795	0.0004803948	NA	0.0001572101	NA
inflam_IL10	0.007115844	0.002794235	0.001539091	0.001182134	0.0002967881	0.0008372155	NA	NA
inflam_TNF	0.004306996	0.0003275607	0.003941749	0.0009367334	0.0001999074	NA	NA	NA
inflam_CCL23	0.240371	0.1576726	0.202702	0.2281488	0.2262021	0.2592403	0.2569964	NA
inflam_CD5	0.001299321	0.002585312	0.001054638	0.01041523	NA	NA	NA	NA
inflam_CCL3	NA	NA	0.0005180439	NA	NA	0.0004458758	0.08925503	0.1125613
inflam_Flt3L	0.002053689	NA	0.0006234701	0.008074873	0.004040704	0.006931062	0.00935317	0.004042549
inflam_CXCL6	0.1815764	0.2091556	0.192598	0.2136003	0.2084213	0.2110457	0.2104834	0.2089432
inflam_CXCL10	0.06950454	0.04217764	0.05241071	0.04735753	0.05463925	0.06033748	0.03083345	0.05359312
inflam_X4E.BP1	0.007180219	0.00355238	0.007578609	0.007551012	0.003881516	0.004833624	0.003592711	0.002344679
inflam_IL.20	NA	NA	NA	0.0001033622	0.0001753624	0.002817678	0.0004342919	NA
inflam_SIRT2	NA	NA	NA	NA	NA	NA	NA	0.001384452
inflam_CCL28	NA	0.001462952	0.000682771	NA	0.0002913738	NA	0.005433466	NA
inflam_DNER	0.0725514	0.08218706	0.0752412	0.05768769	0.04446374	0.04557018	0.0438389	0.03035146
inflam_EN.RAGE	0.0008908532	NA	0.008127154	NA	0.003880534	0.001109803	0.0002845651	0.002306511
inflam_CD40	0.07678569	0.04686786	0.03745183	0.04779545	0.04538149	0.01327154	0.01206311	0.009103024
inflam_IL33	0.02917292	NA	NA	NA	NA	NA	0.0001957753	NA
inflam_IFN.gamma	0.01709883	0.04460782	0.036828	0.006752803	0.003466655	NA	NA	0.005301695
inflam_FGF.19	0.004699278	NA	NA	0.001754762	NA	0.002615198	0.0002505043	NA
inflam_IL4	0.007011156	NA	0.0002502246	NA	0.002924516	NA	NA	0.006070641
inflam_LIF	0.003959476	0.00336676	0.002671203	0.002655417	0.002128807	0.001553633	0.0007180305	NA
inflam_NRTN	0.003367152	NA	0.004027098	NA	NA	NA	0.000383518	0.0002896649
inflam_MCP.2	0.2858375	0.25884	0.2511597	0.2527956	0.2795815	0.2767483	0.2755608	0.2711733
inflam_CASP.8	0.0005473347	NA	0.00470589	NA	NA	NA	NA	NA
inflam_CCL25	0.1807896	0.2588841	0.2550322	0.2548118	0.2564967	0.2605793	0.2614313	0.2620836
inflam_CX3CL1	NA	0.0006808923	NA	0.006157648	NA	0.0008352968	NA	NA
inflam_TNFRSF9	0.05106216	0.05417369	0.06613476	0.05993136	0.06450415	NA	0.06154764	0.04127385
inflam_NT.3	NA	0.001233969	0.001705524	NA	0.001143009	0.003712272	0.003392388	NA
inflam_TWEAK	0.1034406	0.08793242	0.06999496	0.04047842	0.03838928	0.02945978	0.01057076	NA
inflam_CCL20	0.01657518	NA	0.008504929	0.0004416732	0.004541071	NA	0.005500077	NA
inflam_ST1A1	0.0362748	NA	NA	NA	NA	0.007576203	0.002719009	NA
inflam_STAMBP	0.002696982	NA	0.001099995	NA	NA	NA	NA	0.01699526
inflam_IL5	NA	0.0002424085	0.007959798	0.00882207	0.00720836	0.01252097	NA	NA
inflam_ADA	0.1714462	0.1496562	0.1460371	0.1656406	0.158043	0.1628749	0.1875552	0.1922153
inflam_TNFB	0.1427527	0.02586671	0.04696532	0.09197	0.09133501	0.1157848	0.1174662	0.1139367
inflam_CSF.1	0.03042407	NA	0.04291393	NA	0.03921528	0.03396941	NA	0.02733841
oncol_CD22	NA	NA	NA	NA	NA	NA	NA	NA
oncol_INPP1	0.01868773	0.02166695	0.02222419	0.01940325	0.01852992	0.0388726	0.002728418	NA
oncol_ALPP	0.2583114	0.08969208	0.1123504	0.1263343	0.1435562	0.05276769	0.07782279	NA
oncol_CGB3	0.2146175	0.174057	0.1445385	0.1981033	0.2330861	0.2133338	0.2140647	0.2066663
oncol_TBL1X	0.007501659	0.02078159	0.01403489	0.01062068	0.0001186147	NA	0.0002810471	NA
oncol_NAMPT	0.0005367788	NA	NA	0.00527069	0.001881122	0.0001398652	0.0003708943	0.001056441
oncol_IL17F	0.005902582	0.001460359	NA	NA	0.002791187	NA	NA	NA
oncol_VMO1	0.3984372	0.3695712	0.3774253	0.3874839	0.3856811	0.3903113	0.3916891	0.3908311
oncol_TPMT	0.05185075	0.02446506	0.03426924	0.06343185	0.04499657	0.04528684	0.06691531	NA
oncol_IFNGR2	0.4773994	0.4764532	0.4719225	0.4655063	0.457949	0.4704564	0.4724046	0.4746005
oncol_KLK4	0.05473244	NA	0.04945381	NA	0.03920149	0.0666287	0.07124635	0.05402319
oncol_ERP44	0.0458083	0.04679646	0.04111933	0.02951075	0.02090107	0.003978751	0.00289866	0.0008800526
oncol_CBLN4	0.1201999	0.03226794	0.02580991	0.02005422	NA	0.0002944441	NA	NA
oncol_ACAA1	0.004539273	0.0008030704	0.001347628	0.0254547	NA	0.00365213	0.001202295	0.001997676
oncol_NT5C3A	0.01777753	0.003030948	0.006056135	0.01554653	0.0185789	0.008267754	NA	NA
oncol_GAMT	0.03403481	0.002002695	0.03210186	NA	0.05617186	0.003462253	0.01098752	NA
oncol_HEXA	0.1351658	0.1270771	0.1213272	NA	0.1116362	0.09842093	0.09529094	0.05218132
oncol_S100A16	0.03292359	0.01855105	0.01806888	0.007237424	0.01397822	0.008869656	0.01473047	NA
oncol_PSPN	0.0006843078	0.003122847	NA	NA	NA	NA	NA	NA
oncol_DCTPP1	0.0317089	0.01206987	0.008412236	0.009009577	0.005183369	NA	0.003153595	NA
oncol_MANSC1	0.08126017	0.03732657	0.03531654	0.02846307	0.01848061	0.01508963	0.03136609	0.01113449
oncol_GFER	0.02036867	0.02042306	0.02040046	NA	NA	0.003281811	0.003287417	NA
oncol_RP2	NA	NA	0.0003828363	0.001598352	0.0009569329	0.0001103729	0.0001189737	NA
oncol_JCHAIN	0.01204596	0.01312292	NA	0.005834105	0.003476956	0.007738638	0.005781316	NA
oncol_RAB6A	0.001639862	0.0008218154	0.0001757462	NA	NA	0.001722491	0.002236558	NA
oncol_C1QA	0.0270302	0.005884251	0.009290975	0.007069666	0.001588013	0.008773196	0.008045253	NA
oncol_AKR1B1	NA	NA	NA	NA	NA	NA	NA	NA
oncol_SCG2	0.006035094	NA	0.008143592	NA	NA	NA	NA	NA
oncol_RFNG	0.03498566	0.05730576	0.04650841	0.04835146	0.04103988	0.03799901	0.04672949	NA
oncol_MLN	0.09527148	0.1329639	0.1434055	0.1217132	0.1579463	0.1520358	0.1493406	0.1141222
oncol_TNFAIP8	0.0002467858	0.003419081	0.001334684	0.001744043	NA	NA	NA	NA
oncol_AIF1	NA	0.002209964	0.001349263	0.003572314	0.002215945	0.0002503643	NA	NA
oncol_ARHGAP25	0.001978689	0.003658278	0.004901653	0.001146384	NA	0.001154206	0.0002983357	NA
oncol_IL1B	0.000208852	0.0745243	NA	0.001717479	0.0001646544	0.0001197875	NA	0.00155432
oncol_CCT5	0.01103012	0.01212617	0.02365796	0.008881678	0.006157008	0.0005549962	0.003597098	NA
oncol_CASP2	0.004314331	0.001121719	NA	NA	0.003979562	0.0004950365	NA	NA
oncol_ELOA	0.0003859678	0.0003055759	0.001290527	NA	0.002841505	0.0001201687	0.00456764	NA
oncol_NCS1	0.02160621	NA	0.003491134	NA	NA	NA	NA	NA
oncol_LSP1	NA	0.002697987	NA	NA	NA	NA	NA	NA
oncol_AFP	NA	0.0005817271	0.0002474173	NA	NA	0.0001859076	NA	NA
oncol_GOPC	0.00467924	0.0001846756	0.01227092	NA	0.01000725	NA	NA	NA
oncol_USO1	0.00121085	0.005171388	0.004576181	NA	NA	NA	0.0002475369	0.002313224
oncol_CNPY2	NA	0.004366367	NA	NA	NA	NA	NA	NA
oncol_SEPT9	0.00252646	0.001091759	0.001658451	NA	NA	0.005345588	NA	0.0004208008
oncol_AIMP1	0.0006783039	0.02370116	0.02084074	0.0015558	NA	0.001226145	NA	NA
oncol_SCGN	0.002331402	NA	0.0003464101	NA	NA	0.008319884	NA	NA
oncol_CDC27	0.0001906154	0.003012946	0.007825289	0.003921786	0.0009774423	0.002246857	0.008508192	NA
oncol_TXNDC15	0.2175396	0.2148042	0.2173242	0.2086666	0.2078913	0.208434	0.2127054	0.2117333
oncol_ICAM.5	0.3499794	0.3854902	0.3935962	0.3965156	0.3592525	0.374034	0.375736	0.362804
oncol_FUS	0.0003672901	0.002328539	0.001766325	0.003261792	0.00362437	NA	0.0003880079	NA
oncol_PTP4A1	0.005358122	NA	NA	NA	NA	NA	NA	NA
oncol_FOXO3	0.0008094102	0.009377768	0.009217391	0.000219875	NA	NA	0.0001651559	0.0006846191
oncol_VWA1	0.0006525032	0.0005048941	0.001490825	NA	NA	0.006855377	NA	NA
oncol_FLT3	NA	0.004754195	0.001874111	0.0005560956	NA	NA	0.001549228	NA
oncol_COL9A1	0.002277726	0.00174479	NA	0.003271856	0.003294755	0.004409414	NA	NA
oncol_BRK1	0.01029763	0.005027687	0.024235	0.006604375	0.01889914	0.007987503	0.008149149	0.001769065
oncol_NELL1	0.006833318	0.004383983	0.0001806657	0.003084667	0.0005399481	0.001047308	0.004091402	NA
oncol_SFTPA1	0.05079537	0.01932812	0.02955775	0.02634382	0.0244337	0.003216106	0.001053681	0.01663661
oncol_VPS37A	0.01528692	0.01682422	0.01343637	0.01443551	0.01814236	NA	NA	NA
oncol_DRG2	0.008700793	0.0183598	0.02216522	0.01568214	0.01101831	0.002090433	0.0002192212	0.0005223889
oncol_HMBS	0.01500588	0.01635245	0.01964238	0.01445108	0.01091791	0.01443106	0.01064631	0.006020917
oncol_CLIP2	0.0004328923	0.000524412	0.01049946	0.007940228	0.008758861	NA	NA	NA
oncol_CXCL14	0.1048075	0.1232285	0.121106	0.1104147	0.1008567	0.07632475	0.06604999	0.03241001
oncol_HSPB6	0.01573087	NA	0.001094633	NA	NA	0.0002748262	0.002032898	0.001326957
oncol_ATP6V1D	0.005493384	NA	NA	NA	NA	NA	0.00727809	NA
oncol_LAP3	0.007351894	0.01711591	0.01000684	0.01070546	0.006332885	0.00534804	0.005053574	NA
oncol_LACTB2	0.001243549	NA	NA	NA	0.0001113873	NA	NA	NA
oncol_HBQ1	0.06461814	0.0347932	0.03692824	0.02666416	0.03988261	0.04240936	0.06213592	NA
oncol_SCLY	0.05156573	0.009871099	0.005657583	0.0003584665	0.000125504	0.0006392711	0.0006392711	0.0004549598
oncol_MYO9B	NA	NA	0.005740639	0.005689645	0.004960528	0.003194487	0.003274023	NA
oncol_CD300E	0.06787811	0.07389987	0.03349195	0.02788681	NA	NA	NA	NA
oncol_SPINK4	0.3381879	0.3001842	0.3123498	0.3172395	0.3172395	0.3218996	0.322356	0.3253079
oncol_YTHDF3	0.002623294	0.006529874	0.01268733	NA	0.004876214	0.005944724	0.006865807	NA
oncol_CDHR2	0.0005221582	0.0006700797	0.0008511429	0.01575894	0.01277633	NA	NA	NA
oncol_CPVL	0.3687564	0.2900219	0.2996762	0.3367576	0.3317148	0.3597902	0.362154	0.373565
oncol_ICAM4	0.0297704	0.1295562	0.1121579	0.1092653	0.1014636	0.0977389	0.09394889	0.09888729
oncol_PSMD9	0.006490822	NA	NA	NA	NA	NA	0.0002238521	0.0002049171
oncol_ACTN4	0.001109097	NA	NA	NA	0.002043474	0.0007164356	0.001260408	NA
oncol_VPS53	NA	0.02056159	0.02520593	0.02654731	NA	NA	0.00101933	NA
oncol_CALCOCO1	0.009047748	0.003345701	0.002250886	0.003738749	0.01221106	0.009356094	0.006279223	NA
oncol_UBAC1	0.01993554	NA	NA	NA	0.009270994	NA	NA	NA
oncol_GGA1	0.005960723	0.0009534225	0.00145125	NA	NA	0.009769123	NA	NA
oncol_PTPRM	0.01676557	0.3353708	0.3602105	0.3670699	0.3576447	0.3527345	0.3586347	0.3607464
oncol_GALNT7	0.002000009	0.002608671	0.005242027	NA	0.0009656458	NA	NA	NA
oncol_FLT1	NA	0.000772325	0.002433693	0.003089216	NA	NA	NA	NA
oncol_VAT1	0.00424586	0.003269701	NA	0.0006119032	0.003245204	0.00168789	0.0027696	0.02385852
oncol_TPT1	0.001150341	0.001852625	0.004926511	0.01631142	NA	NA	NA	NA
oncol_L1CAM	0.001004929	0.04641771	0.05858801	0.05014221	0.06644299	0.04484265	0.04489961	0.06141019
oncol_GPA33	NA	0.001299938	0.0001522928	NA	NA	NA	NA	NA
oncol_HLA.E	0.06202928	0.01882487	0.05322859	0.04705001	0.03756769	0.02757036	0.02510624	0.009553714
oncol_PCDH1	0.02592354	NA	NA	NA	0.00834534	NA	NA	0.002121761
oncol_NPY	0.006166527	0.00112185	0.0006820946	0.0005052546	0.0002399497	0.004380446	0.002949283	NA
neurol_NMNAT1	0.01584708	NA	NA	NA	NA	NA	NA	NA
neurol_NRP2	0.003013706	0.01106016	0.00846204	0.0009502758	0.002399464	0.0006514458	0.002239428	0.002564973
neurol_MAPT	0.001383594	NA	NA	NA	0.005036969	NA	NA	NA
neurol_CADM3	0.01834552	0.01943947	0.005336082	0.04219904	0.02931754	0.03482933	0.02973966	0.03639157
neurol_GDNF	0.02532917	0.03492323	0.03189018	0.02299063	0.01897576	0.0181505	0.01843036	0.01281979
neurol_UNC5C	0.008162422	NA	0.002685962	0.00404648	0.005677362	0.005300805	NA	NA
neurol_VWC2	0.1137153	0.08553325	NA	0.07504282	0.08233175	0.1030583	0.1007624	0.08748238
neurol_Siglec.9	0.2950948	NA	0.3747671	NA	0.431358	0.4621452	0.4614213	0.4892231
neurol_CLM.6	0.4371532	NA	0.3813133	NA	0.3772831	0.3956649	0.4031721	0.3909518
neurol_EZR	0.001802604	NA	NA	NA	NA	0.008642574	0.00552252	0.0006940088
neurol_SMOC2	0.04072553	0.0101094	0.02720021	0.01597408	0.01740017	NA	NA	NA
neurol_NBL1	0.0002504319	0.01256781	0.005458301	0.002725167	0.004860472	NA	NA	NA
neurol_EFNA4	NA	0.002699145	0.0005043206	0.0009590201	0.0007787045	NA	NA	0.005051996
neurol_SCARB2	0.006743295	NA	NA	NA	NA	0.003887889	0.007288546	NA
neurol_NCAN	NA	0.005730602	0.00157761	0.001221297	0.01258984	0.009457152	NA	NA
neurol_PRTG	0.2074733	0.05209576	0.03438339	0.05290681	0.03936854	0.008719968	0.003107034	NA
neurol_ROBO2	0.05857131	0.02354952	0.003079701	0.03503033	NA	0.03466971	NA	NA
neurol_CRTAM	0.1219159	0.05164487	0.07999654	0.05814769	0.07105037	0.04767562	0.02653839	0.02337497
neurol_RGMA	0.01047385	0.001317558	0.001600554	NA	NA	NA	NA	NA
neurol_PLXNB3	0.009916938	NA	0.002954353	NA	NA	NA	NA	NA
neurol_CPA2	0.0632046	0.01829926	0.002391345	0.01762505	0.002719905	NA	NA	0.0002241874
neurol_CD38	0.1014047	0.05585704	0.02508133	0.09730254	0.09628855	0.008550916	0.004356005	0.001967489
neurol_SMPD1	0.07461536	0.04471453	0.06939166	0.05395967	0.0507716	0.06744149	0.05869202	0.06252891
neurol_MSR1	0.006871304	NA	NA	NA	NA	0.001737724	0.001595393	NA
neurol_Alpha.2.MRAP	0.01636363	0.1402643	0.1740751	0.2404075	0.2495916	0.248216	0.2483467	0.2593887
neurol_sFRP.3	0.2635047	0.2508992	0.2659169	0.2448428	0.2162158	0.1937884	0.1073741	0.0632219
neurol_EPHB6	0.06896088	0.06467625	0.07160448	0.05195741	0.04896173	0.02747658	0.02749899	0.0003822003
neurol_RGMB	0.007037513	NA	0.001162053	0.003306691	0.0004686566	NA	NA	NA
neurol_SIGLEC1	0.03467472	0.01222606	0.01179309	0.01159724	0.0118862	0.05301715	0.04947427	0.06220127
neurol_CNTN5	0.1164455	0.0636408	0.07484827	0.07859377	0.09795747	0.0942706	0.09717491	0.1038521
neurol_ADAM.22	0.1775242	0.1312808	0.1419052	0.1542626	0.1473384	0.1352963	0.1427945	0.1281469
neurol_CLEC1B	0.02517751	0.02674889	0.02315549	0.01522919	0.01993451	0.009322101	0.003912232	NA
neurol_ADAM.23	0.1988354	0.01038302	0.01521694	0.09920512	0.1083995	0.1009587	0.09730462	0.08455843
neurol_MATN3	0.189499	0.1954384	0.1908921	0.1819474	0.178811	0.1891511	0.1845948	0.1681076
neurol_RSPO1	0.2137053	0.1466751	0.185573	0.1321645	0.130024	0.126444	0.09523282	0.06406179
neurol_HAGH	0.001504295	0.0004159556	0.001517784	NA	NA	0.002504829	0.001088366	0.002697707
neurol_LXN	0.0007550965	0.002301775	NA	0.001565197	NA	0.0002392226	NA	NA
neurol_gal.8	0.1269077	0.1452391	0.1451271	0.1492983	0.1524841	0.1207723	0.1156839	0.1223352
neurol_BCAN	0.01129454	0.002927584	0.0004784642	0.0005200714	NA	NA	NA	NA
neurol_LAYN	0.1420896	0.02653315	0.0124627	0.0726695	0.05571179	0.03808285	NA	NA
neurol_NEP	0.02305269	0.1534173	0.1590712	0.191567	0.1896169	0.1812526	0.1800238	0.1869143
neurol_GDF.8	NA	0.001580045	0.001633764	0.0006822581	0.0005949172	NA	0.0001584877	0.002349912
neurol_THY.1	0.02823261	0.001694971	0.0001477428	NA	0.000201618	NA	NA	NA
neurol_WFIKKN1	0.01737031	0.0001091551	NA	NA	0.00111681	0.002577747	NA	NA
neurol_TMPRSS5	0.2260888	0.2131574	0.2136052	0.1919746	0.1766211	0.1977845	0.1987863	0.2130023
neurol_CDH3	0.04951027	0.04839108	0.07441991	0.07131086	0.06032151	0.04346304	NA	NA
neurol_GFR.alpha.1	0.06655165	NA	0.000338923	0.0004242693	NA	NA	NA	NA
neurol_GM.CSF.R.alpha	0.569052	0.01163401	0.0001525616	0.004642536	0.01007128	0.0006048893	NA	0.0005791343
neurol_Beta.NGF	0.005274541	NA	NA	NA	NA	NA	NA	NA
neurol_SCARA5	0.008446139	0.002041094	0.001212488	0.0003380632	0.001651658	0.001081069	0.004628091	0.01004907
neurol_CD200	0.06580861	0.04134704	0.07847692	0.04945103	0.06964608	0.01246958	0.01306918	0.006327199
neurol_NTRK2	0.002565791	0.001762589	0.01024423	0.00430788	0.006104768	0.001952012	NA	0.004109633
neurol_GZMA	0.02150524	0.0004099808	0.0001281996	0.003549907	0.00104808	NA	0.002206142	0.0009427802
neurol_G.CSF	0.02071561	0.04966989	0.04075873	0.03469742	0.008773569	0.01753479	0.01140746	NA
neurol_DRAXIN	0.0818571	0.003961283	0.007308402	0.04212269	0.03577178	0.01221129	NA	NA
neurol_SCARF2	0.07674915	0.07554739	0.03829636	0.08591165	0.104174	0.05882819	0.04062238	0.0285592
neurol_GDNFR.alpha.3	NA	0.0006378232	NA	NA	NA	0.0004371578	0.00305241	NA
neurol_PVR	0.3555913	0.2854831	0.311658	0.3216307	0.3169285	0.3190028	0.3098016	0.3150497
neurol_TNFRSF12A	0.0001999026	NA	NA	0.008307938	0.02264365	0.0005561251	NA	NA
neurol_SKR3	0.003859728	NA	0.0001326703	NA	0.0008047653	NA	0.004955616	NA
neurol_FLRT2	0.05630103	0.06067622	0.05914938	0.01278977	NA	0.03371301	0.03283543	0.03871467
neurol_CPM	0.2469937	0.224877	0.2167545	0.2373997	0.2389714	0.209029	NA	NA
neurol_CLEC10A	0.1642335	0.07488794	0.07795936	0.07796654	0.08241751	0.08582285	0.06819517	0.08112044
neurol_GCP5	0.373652	0.3354693	0.3127309	0.3234641	0.3190167	0.3313675	0.3130014	0.3063035
neurol_BMP.4	0.0004998896	NA	0.01005407	0.005873917	NA	NA	NA	0.0009213356
neurol_FcRL2	0.1221359	0.1238897	0.1237725	0.09028609	0.1012349	0.1115672	0.1091316	0.09751708
neurol_MDGA1	0.555517	0.534455	0.5370957	0.5436493	0.540268	0.5473158	0.546767	0.5500678
neurol_IL.5R.alpha	0.07086162	0.04199461	0.03737006	0.0413786	0.02992938	0.01565158	0.01455434	NA
neurol_PDGF.R.alpha	0.06432504	0.08719766	0.09626929	0.05230991	0.08919653	0.001088738	0.0003354532	NA
neurol_CTSC	0.2123696	0.2221706	0.2256473	0.2109747	0.2015968	0.2104875	0.2100329	0.2142225
neurol_CDH6	0.05750412	0.04938273	0.02012697	0.05841057	0.01953359	0.01665078	NA	0.001597273
neurol_DDR1	0.03433799	0.0256686	0.01181093	0.01789105	0.02082957	0.01619847	0.01584741	0.004275963
neurol_JAM.B	0.006559151	0.01054276	0.00612837	NA	NA	NA	NA	NA
neurol_CTSS	0.059791	0.04916887	0.05425654	0.0541848	0.0714574	0.06770347	0.004189789	NA
neurol_N.CDase	0.356067	0.2507311	0.2611795	0.2545887	0.2785952	0.2989629	0.2940725	0.2587759
neurol_NAAA	0.1647797	0.1230614	0.1385869	0.1458442	0.1502151	0.1714527	0.1883345	0.1967885
neurol_N2DL.2	0.2503185	0.2520352	0.2406332	0.2132406	0.2067699	0.2442656	0.2239578	0.2110009
neurol_PLXNB1	0.02884332	0.02104188	0.009602653	0.03024508	0.0234114	0.02074209	NA	NA
neurol_TNFRSF21	0.08882254	0.09152099	0.09315466	0.06740326	0.06221986	0.06930869	0.09965155	0.03509176
neurol_CLM.1	0.6022363	0.6023192	0.6019852	0.5974911	0.5745374	0.5831634	0.6108838	0.6458993
neurol_SPOCK1	0.009292055	0.00670452	0.005176898	0.001288829	0.002255719	0.00144498	0.0009586042	0.00252165
neurol_IL12	0.08922371	0.02693929	0.04934596	0.05043453	0.05477955	0.02629552	0.03132903	0.03768301
neurol_Dkk.4	0.1149191	0.04989397	0.05040277	0.03310045	0.03975724	0.05339929	0.02610013	0.08340791
neurol_EDA2R	0.00261019	0.005683689	0.009168956	0.007781243	0.003900491	NA	0.000846668	NA
neurol_LAT	0.001224159	0.003859597	0.001607711	0.01394793	0.009172816	0.008122831	0.006301982	NA
neurol_NTRK3	0.02745257	0.007997345	0.00346511	0.0004649322	0.0003551894	0.0006570441	0.005181303	0.007804354
neurol_LAIR.2	0.3284772	0.2511566	0.2647294	0.2053237	0.2076036	0.261565	0.3013992	0.2951427
neurol_MANF	0.004507823	0.003779367	0.003848758	0.004922868	0.00443821	0.001625606	0.0009432856	NA
neurol_TN.R	0.05730809	0.04686598	0.03676916	0.04105453	0.04897748	0.04060698	0.04957929	0.05321067
neurol_CD200R1	0.149325	0.05982189	0.07420903	0.1326674	0.1712188	0.1878364	0.1772727	0.2034797
neurol_Nr.CAM	0.05903937	NA	NA	0.001015448	NA	NA	NA	NA
neurol_KYNU	0.03317992	0.02573871	0.0160406	0.01195885	0.004367069	0.01001942	0.01099888	0.01392008
